177  179  181  182  184  187  202  224  230  238  251  263  271  275  278
280  298  301  302  304  306  307  320  323  326  327  330  336  337  338
340  341  342  345  346  349  350  351  353  361  362  363  379  381




241  244  245  246  248  249  250  254  256  262  265  303  305  308  309
310  311  312  313  314  315  316  317  319  321  322  324  325  328  329
334  357  364  366  367  369  370  372  374  375  376  377  380



172  173  174  175  176  178  180  186  190  191  195  198  219  221  225
227  228  229  231  233  234  236  237  239  240  243  247  252  253  255
257  258  260  264  266  267  270  294  368  378



170  185  188  189  193  196  200  206  208  213  215  216  217  218  220
222  223  226  232  235  242  259  261  272  273  276  277  279  281  282
285  286  288  289  290  291  292  293  295  343  344  352  354  355  358
359  360  373  382  383




171  183  192  194  197  199  201  203  204  205  207  209  210  211  212
214  268  269  274  283  284  287  296  297  299  300  331  332  333  335
339  347  348  356  365  371  384  385  386