392  393  394  397  398  399  400  401  411  493  494  495  496  497  498
501  503  504  527  528  549  550  553  554  555  558  560  561  562  564
567  569  570  571  573  576

402  403  404  405  406  422  430  432  433  436  437  444  448  449  451
452  454  455  457  460  462  467  470  471  474  477  479  483  484  486
488  490  491  492  502  508  510  524  544  546  548  551  552  556  557
568  575


407  410  413  420  424  427  431  435  438  439  440  441  442  443  445
446  447  456  459  461  464  465  466  472  473  476  478  480  485  487
489  516  543  574

395  396  408  409  412  414  415  417  419  423  425  426  428  450  463
469  500  505  506  507  509  511  512  521  525  531  533  538  542  545
547  559  563  565


416  418  421  429  434  453  458  468  475  481  482  499  513  514  515
517  518  519  520  522  523  529  530  532  534  535  536  537  539  540
541  566  572