011    00000032809012008001080000000000000000000000000000000000000000000800000000000000000000000000000000000000000009012008
011    00000032809012008002080000000000000000000000000000000000000000000800000000000000000000000000000000000000000009012008
011    00000028811012008001080000000000000000000000000000000000000000000800000000000000000000000000000000000000000011012008
011    00000028911012008001080000000000000000000000000000000000000000000800000000000000000000000000000000000000000011012008
011    00000029011012008001080000000000000000000000000000000000000000000800000000000000000000000000000000000000000011012008
011    00000029113012008001080000000000000000000000000000000000000000000800000000000000000000000000000000000000000013012008
011    00000029214012008001080000000000000000000000000000000000000000000800000000000000000000000000000000000000000014012008
011    00000029314012008001080000000000000000000000000000000000000000000800000000000000000000000000000000000000000014012008
011    00000029416012008001080000000000000000000000000000000000000000000800000000000000000000000000000000000000000016012008
011    00000029416012008002080000000000000000000000000000000000000000000800000000000000000000000000000000000000000016012008
011    00000029416012008003080000000000000000000000000000000000000000000800000000000000000000000000000000000000000016012008
011    00000029518012008001080000000000000000000000000000000000000000000800000000000000000000000000000000000000000018012008
011    00000029621012008001080000000000000000000000000000000000000000000800000000000000000000000000000000000000000021012008
011    00000029621012008002080000000000000000000000000000000000000000000800000000000000000000000000000000000000000021012008
011    00000029721012008001080000000000000000000000000000000000000000000800000000000000000000000000000000000000000021012008
011    00000029822012008001080000000000000000000000000000000000000000000800000000000000000000000000000000000000000022012008
011    00000029922012008001080000000000000000000000000000000000000000000800000000000000000000000000000000000000000022012008
011    00000030022012008001080000000000000000000000000000000000000000000800000000000000000000000000000000000000000022012008
011    00000030122012008001080000000000000000000000000000000000000000000800000000000000000000000000000000000000000022012008
011    00000030222012008001080000000000000000000000000000000000000000000800000000000000000000000000000000000000000022012008
011    00000030322012008001080000000000000000000000000000000000000000000800000000000000000000000000000000000000000022012008
011    00000030422012008001080000000000000000000000000000000000000000000800000000000000000000000000000000000000000022012008
011    00000030422012008002080000000000000000000000000000000000000000000800000000000000000000000000000000000000000022012008
011    00000030422012008003080000000000000000000000000000000000000000000800000000000000000000000000000000000000000022012008
011    00000030522012008001080000000000000000000000000000000000000000000800000000000000000000000000000000000000000022012008
011    00000030522012008002080000000000000000000000000000000000000000000800000000000000000000000000000000000000000022012008
011    00000030522012008003080000000000000000000000000000000000000000000800000000000000000000000000000000000000000022012008
011    00000030622012008001080000000000000000000000000000000000000000000800000000000000000000000000000000000000000022012008
011    00000030724012008001080000000000000000000000000000000000000000000800000000000000000000000000000000000000000024012008
011    00000030828012008001080000000000000000000000000000000000000000000800000000000000000000000000000000000000000028012008
011    00000030931012008001080000000000000000000000000000000000000000000800000000000000000000000000000000000000000031012008
011    00000031113022008001080000000000000000000000000000000000000000000800000000000000000000000000000000000000000013022008
011    00000031213022008001080000000000000000000000000000000000000000000800000000000000000000000000000000000000000013022008
011    00000031213022008002080000000000000000000000000000000000000000000800000000000000000000000000000000000000000013022008
011    00000031318022008001080000000000000000000000000000000000000000000800000000000000000000000000000000000000000018022008
011    00000031418022008001080000000000000000000000000000000000000000000800000000000000000000000000000000000000000018022008
011    00000031418022008002080000000000000000000000000000000000000000000800000000000000000000000000000000000000000018022008
011    00000031418022008003080000000000000000000000000000000000000000000800000000000000000000000000000000000000000018022008
011    00000031518022008001080000000000000000000000000000000000000000000800000000000000000000000000000000000000000018022008
011    00000031518022008002080000000000000000000000000000000000000000000800000000000000000000000000000000000000000018022008
011    00000031518022008003080000000000000000000000000000000000000000000800000000000000000000000000000000000000000018022008
011    00000031618022008001080000000000000000000000000000000000000000000800000000000000000000000000000000000000000018022008
011    00000031618022008002080000000000000000000000000000000000000000000800000000000000000000000000000000000000000018022008
011    00000031618022008003080000000000000000000000000000000000000000000800000000000000000000000000000000000000000018022008
011    00000031718022008001080000000000000000000000000000000000000000000800000000000000000000000000000000000000000018022008
011    00000031718022008002080000000000000000000000000000000000000000000800000000000000000000000000000000000000000018022008
011    00000031818022008001080000000000000000000000000000000000000000000800000000000000000000000000000000000000000018022008
011    00000031818022008002080000000000000000000000000000000000000000000800000000000000000000000000000000000000000018022008
011    00000031919022008001080000000000000000000000000000000000000000000800000000000000000000000000000000000000000019022008
011    00000031919022008002080000000000000000000000000000000000000000000800000000000000000000000000000000000000000019022008
011    00000031919022008003080000000000000000000000000000000000000000000800000000000000000000000000000000000000000019022008
011    00000032019022008001080000000000000000000000000000000000000000000800000000000000000000000000000000000000000019022008
011    00000032119022008001080000000000000000000000000000000000000000000800000000000000000000000000000000000000000019022008
011    00000032119022008002080000000000000000000000000000000000000000000800000000000000000000000000000000000000000019022008
011    00000032119022008003080000000000000000000000000000000000000000000800000000000000000000000000000000000000000019022008
011    00000032219022008001080000000000000000000000000000000000000000000800000000000000000000000000000000000000000019022008
011    00000032219022008002080000000000000000000000000000000000000000000800000000000000000000000000000000000000000019022008
011    00000032219022008003080000000000000000000000000000000000000000000800000000000000000000000000000000000000000019022008
011    00000032319022008001080000000000000000000000000000000000000000000800000000000000000000000000000000000000000019022008
011    00000032319022008002080000000000000000000000000000000000000000000800000000000000000000000000000000000000000019022008
011    00000032319022008003080000000000000000000000000000000000000000000800000000000000000000000000000000000000000019022008
011    00000032419022008001080000000000000000000000000000000000000000000800000000000000000000000000000000000000000019022008
011    00000032519022008001080000000000000000000000000000000000000000000800000000000000000000000000000000000000000019022008
011    00000032519022008002080000000000000000000000000000000000000000000800000000000000000000000000000000000000000019022008
011    00000032519022008003080000000000000000000000000000000000000000000800000000000000000000000000000000000000000019022008
011    00000032619022008001080000000000000000000000000000000000000000000800000000000000000000000000000000000000000019022008
011    00000032619022008002080000000000000000000000000000000000000000000800000000000000000000000000000000000000000019022008
011    00000032721022008001080000000000000000000000000000000000000000000800000000000000000000000000000000000000000021022008
011    00000032927022008001080000000000000000000000000000000000000000000800000000000000000000000000000000000000000027022008
011    00000032927022008002080000000000000000000000000000000000000000000800000000000000000000000000000000000000000027022008
011    00000033027022008001080000000000000000000000000000000000000000000800000000000000000000000000000000000000000027022008
011    00000033328022008001080000000000000000000000000000000000000000000800000000000000000000000000000000000000000028022008
011    00000033204032008001080000000000000000000000000000000000000000000800000000000000000000000000000000000000000004032008
011    00000033405032008001080000000000000000000000000000000000000000000800000000000000000000000000000000000000000005032008
011    00000033511032008001080000000000000000000000000000000000000000000800000000000000000000000000000000000000000011032008
011    00000033511032008002080000000000000000000000000000000000000000000800000000000000000000000000000000000000000011032008
011    00000033511032008003080000000000000000000000000000000000000000000800000000000000000000000000000000000000000011032008
011    00000033511032008004080000000000000000000000000000000000000000000800000000000000000000000000000000000000000011032008
011    00000033511032008005080000000000000000000000000000000000000000000800000000000000000000000000000000000000000011032008
011    00000033511032008006080000000000000000000000000000000000000000000800000000000000000000000000000000000000000011032008
011    00000033613032008001080000000000000000000000000000000000000000000800000000000000000000000000000000000000000013032008
011    00000033713032008001080000000000000000000000000000000000000000000800000000000000000000000000000000000000000013032008
011    00000033814032008001080000000000000000000000000000000000000000000800000000000000000000000000000000000000000014032008
011    00000033914032008001080000000000000000000000000000000000000000000800000000000000000000000000000000000000000014032008
011    00000033914032008002080000000000000000000000000000000000000000000800000000000000000000000000000000000000000014032008
011    00000033914032008003080000000000000000000000000000000000000000000800000000000000000000000000000000000000000014032008
011    00000033914032008004080000000000000000000000000000000000000000000800000000000000000000000000000000000000000014032008
011    00000033914032008005080000000000000000000000000000000000000000000800000000000000000000000000000000000000000014032008
011    00000033914032008006080000000000000000000000000000000000000000000800000000000000000000000000000000000000000014032008
011    00000033914032008007080000000000000000000000000000000000000000000800000000000000000000000000000000000000000014032008
011    00000033914032008008080000000000000000000000000000000000000000000800000000000000000000000000000000000000000014032008
011    00000033914032008009080000000000000000000000000000000000000000000800000000000000000000000000000000000000000014032008
011    00000033914032008010080000000000000000000000000000000000000000000800000000000000000000000000000000000000000014032008
011    00000033914032008011080000000000000000000000000000000000000000000800000000000000000000000000000000000000000014032008
011    00000033914032008012080000000000000000000000000000000000000000000800000000000000000000000000000000000000000014032008
011    00000033914032008013080000000000000000000000000000000000000000000800000000000000000000000000000000000000000014032008
011    00000033914032008014080000000000000000000000000000000000000000000800000000000000000000000000000000000000000014032008
011    00000033914032008015080000000000000000000000000000000000000000000800000000000000000000000000000000000000000014032008
011    00000033914032008016080000000000000000000000000000000000000000000800000000000000000000000000000000000000000014032008
011    00000033914032008017080000000000000000000000000000000000000000000800000000000000000000000000000000000000000014032008
011    00000033914032008018080000000000000000000000000000000000000000000800000000000000000000000000000000000000000014032008
011    00000033914032008019080000000000000000000000000000000000000000000800000000000000000000000000000000000000000014032008
011    00000033914032008020080000000000000000000000000000000000000000000800000000000000000000000000000000000000000014032008
011    00000033914032008021080000000000000000000000000000000000000000000800000000000000000000000000000000000000000014032008
011    00000033914032008022080000000000000000000000000000000000000000000800000000000000000000000000000000000000000014032008
011    00000033914032008023080000000000000000000000000000000000000000000800000000000000000000000000000000000000000014032008
011    00000034014032008001080000000000000000000000000000000000000000000800000000000000000000000000000000000000000014032008
011    00000034103042008001080000000000000000000000000000000000000000000800000000000000000000000000000000000000000003042008
011    00000034103042008002080000000000000000000000000000000000000000000800000000000000000000000000000000000000000003042008
011    00000034103042008003080000000000000000000000000000000000000000000800000000000000000000000000000000000000000003042008
011    00000034103042008004080000000000000000000000000000000000000000000800000000000000000000000000000000000000000003042008
011    00000034203042008001080000000000000000000000000000000000000000000800000000000000000000000000000000000000000003042008
011    00000034303042008001080000000000000000000000000000000000000000000800000000000000000000000000000000000000000003042008
011    00000034403042008001080000000000000000000000000000000000000000000800000000000000000000000000000000000000000003042008
011    00000034403042008002080000000000000000000000000000000000000000000800000000000000000000000000000000000000000003042008
011    00000034503042008001080000000000000000000000000000000000000000000800000000000000000000000000000000000000000003042008
011    00000034503042008002080000000000000000000000000000000000000000000800000000000000000000000000000000000000000003042008
011    00000034503042008003080000000000000000000000000000000000000000000800000000000000000000000000000000000000000003042008
011    00000034603042008001080000000000000000000000000000000000000000000800000000000000000000000000000000000000000003042008
011    00000034603042008002080000000000000000000000000000000000000000000800000000000000000000000000000000000000000003042008
011    00000034603042008003080000000000000000000000000000000000000000000800000000000000000000000000000000000000000003042008
011    00000034703042008001080000000000000000000000000000000000000000000800000000000000000000000000000000000000000003042008
011    00000034703042008002080000000000000000000000000000000000000000000800000000000000000000000000000000000000000003042008
011    00000034703042008003080000000000000000000000000000000000000000000800000000000000000000000000000000000000000003042008
011    00000034703042008004080000000000000000000000000000000000000000000800000000000000000000000000000000000000000003042008
011    00000034703042008005080000000000000000000000000000000000000000000800000000000000000000000000000000000000000003042008
011    00000034703042008006080000000000000000000000000000000000000000000800000000000000000000000000000000000000000003042008
011    00000034703042008007080000000000000000000000000000000000000000000800000000000000000000000000000000000000000003042008
011    00000034703042008008080000000000000000000000000000000000000000000800000000000000000000000000000000000000000003042008
011    00000034703042008009080000000000000000000000000000000000000000000800000000000000000000000000000000000000000003042008
011    00000034803042008001080000000000000000000000000000000000000000000800000000000000000000000000000000000000000003042008
011    00000034803042008002080000000000000000000000000000000000000000000800000000000000000000000000000000000000000003042008
011    00000034907042008001080000000000000000000000000000000000000000000800000000000000000000000000000000000000000007042008
011    00000035008042008001080000000000000000000000000000000000000000000800000000000000000000000000000000000000000008042008
011    00000035008042008002080000000000000000000000000000000000000000000800000000000000000000000000000000000000000008042008
011    00000035008042008003080000000000000000000000000000000000000000000800000000000000000000000000000000000000000008042008
011    00000035008042008004080000000000000000000000000000000000000000000800000000000000000000000000000000000000000008042008
011    00000035008042008005080000000000000000000000000000000000000000000800000000000000000000000000000000000000000008042008
011    00000035110042008001080000000000000000000000000000000000000000000800000000000000000000000000000000000000000010042008
011    00000035314042008001080000000000000000000000000000000000000000000800000000000000000000000000000000000000000014042008
011    00000035415042008001080000000000000000000000000000000000000000000800000000000000000000000000000000000000000015042008
011    00000035415042008002080000000000000000000000000000000000000000000800000000000000000000000000000000000000000015042008
011    00000035516042008001080000000000000000000000000000000000000000000800000000000000000000000000000000000000000016042008
011    00000035618042008001080000000000000000000000000000000000000000000800000000000000000000000000000000000000000018042008
011    00000035618042008002080000000000000000000000000000000000000000000800000000000000000000000000000000000000000018042008
011    00000035722042008001080000000000000000000000000000000000000000000800000000000000000000000000000000000000000022042008
011    00000035722042008002080000000000000000000000000000000000000000000800000000000000000000000000000000000000000022042008
011    00000035824042008001080000000000000000000000000000000000000000000800000000000000000000000000000000000000000024042008
011    00000035925042008001080000000000000000000000000000000000000000000800000000000000000000000000000000000000000025042008
011    00000035925042008002080000000000000000000000000000000000000000000800000000000000000000000000000000000000000025042008
011    00000035925042008003080000000000000000000000000000000000000000000800000000000000000000000000000000000000000025042008
011    00000036025042008001080000000000000000000000000000000000000000000800000000000000000000000000000000000000000025042008
011    00000036025042008002080000000000000000000000000000000000000000000800000000000000000000000000000000000000000025042008
011    00000036025042008003080000000000000000000000000000000000000000000800000000000000000000000000000000000000000025042008
011    00000036125042008001080000000000000000000000000000000000000000000800000000000000000000000000000000000000000025042008
011    00000036125042008002080000000000000000000000000000000000000000000800000000000000000000000000000000000000000025042008
011    00000036226042008001080000000000000000000000000000000000000000000800000000000000000000000000000000000000000026042008
011    00000036328042008001080000000000000000000000000000000000000000000800000000000000000000000000000000000000000028042008
011    00000036429042008001080000000000000000000000000000000000000000000800000000000000000000000000000000000000000029042008
011    00000036429042008002080000000000000000000000000000000000000000000800000000000000000000000000000000000000000029042008
011    00000036429042008003080000000000000000000000000000000000000000000800000000000000000000000000000000000000000029042008
011    00000036429042008004080000000000000000000000000000000000000000000800000000000000000000000000000000000000000029042008
011    00000036429042008005080000000000000000000000000000000000000000000800000000000000000000000000000000000000000029042008
011    00000036429042008006080000000000000000000000000000000000000000000800000000000000000000000000000000000000000029042008
011    00000036429042008007080000000000000000000000000000000000000000000800000000000000000000000000000000000000000029042008
011    00000036429042008008080000000000000000000000000000000000000000000800000000000000000000000000000000000000000029042008
011    00000036429042008009080000000000000000000000000000000000000000000800000000000000000000000000000000000000000029042008
011    00000036429042008010080000000000000000000000000000000000000000000800000000000000000000000000000000000000000029042008
011    00000036429042008011080000000000000000000000000000000000000000000800000000000000000000000000000000000000000029042008
011    00000036429042008012080000000000000000000000000000000000000000000800000000000000000000000000000000000000000029042008
011    00000036429042008013080000000000000000000000000000000000000000000800000000000000000000000000000000000000000029042008
011    00000036429042008014080000000000000000000000000000000000000000000800000000000000000000000000000000000000000029042008
011    00000036429042008015080000000000000000000000000000000000000000000800000000000000000000000000000000000000000029042008
011    00000036429042008016080000000000000000000000000000000000000000000800000000000000000000000000000000000000000029042008
011    00000036429042008017080000000000000000000000000000000000000000000800000000000000000000000000000000000000000029042008
011    00000036429042008018080000000000000000000000000000000000000000000800000000000000000000000000000000000000000029042008
011    00000036429042008019080000000000000000000000000000000000000000000800000000000000000000000000000000000000000029042008
011    00000036429042008020080000000000000000000000000000000000000000000800000000000000000000000000000000000000000029042008
011    00000036429042008021080000000000000000000000000000000000000000000800000000000000000000000000000000000000000029042008
011    00000036429042008022080000000000000000000000000000000000000000000800000000000000000000000000000000000000000029042008
011    00000036429042008023080000000000000000000000000000000000000000000800000000000000000000000000000000000000000029042008
011    00000036429042008024080000000000000000000000000000000000000000000800000000000000000000000000000000000000000029042008
011    00000036629042008001080000000000000000000000000000000000000000000800000000000000000000000000000000000000000029042008
011    00000036906052008001080000000000000000000000000000000000000000000800000000000000000000000000000000000000000006052008
011    00000037006052008001080000000000000000000000000000000000000000000800000000000000000000000000000000000000000006052008
011    00000037106052008001080000000000000000000000000000000000000000000800000000000000000000000000000000000000000006052008
011    00000037206052008001080000000000000000000000000000000000000000000800000000000000000000000000000000000000000006052008
011    00000037307052008001080000000000000000000000000000000000000000000800000000000000000000000000000000000000000007052008
011    00000037412052008001080000000000000000000000000000000000000000000800000000000000000000000000000000000000000012052008
011    00000037513052008001080000000000000000000000000000000000000000000800000000000000000000000000000000000000000013052008
011    00000037613052008001080000000000000000000000000000000000000000000800000000000000000000000000000000000000000013052008
011    00000037715052008001080000000000000000000000000000000000000000000800000000000000000000000000000000000000000015052008
011    00000037815052008001080000000000000000000000000000000000000000000800000000000000000000000000000000000000000015052008
011    00000037919052008001080000000000000000000000000000000000000000000800000000000000000000000000000000000000000019052008
011    00000038021052008001080000000000000000000000000000000000000000000800000000000000000000000000000000000000000021052008
011    00000038121052008001080000000000000000000000000000000000000000000800000000000000000000000000000000000000000021052008
011    00000038221052008001080000000000000000000000000000000000000000000800000000000000000000000000000000000000000021052008
011    00000038221052008002080000000000000000000000000000000000000000000800000000000000000000000000000000000000000021052008
011    00000038326052008001080000000000000000000000000000000000000000000800000000000000000000000000000000000000000026052008
011    00000038429052008001080000000000000000000000000000000000000000000800000000000000000000000000000000000000000029052008
011    00000038429052008002080000000000000000000000000000000000000000000800000000000000000000000000000000000000000029052008
011    00000038429052008003080000000000000000000000000000000000000000000800000000000000000000000000000000000000000029052008
011    00000038429052008004080000000000000000000000000000000000000000000800000000000000000000000000000000000000000029052008
011    00000038529052008001080000000000000000000000000000000000000000000800000000000000000000000000000000000000000029052008
011    00000038529052008002080000000000000000000000000000000000000000000800000000000000000000000000000000000000000029052008
011    00000038529052008003080000000000000000000000000000000000000000000800000000000000000000000000000000000000000029052008
011    00000038629052008001080000000000000000000000000000000000000000000800000000000000000000000000000000000000000029052008
011    00000038629052008002080000000000000000000000000000000000000000000800000000000000000000000000000000000000000029052008
011    00000038629052008003080000000000000000000000000000000000000000000800000000000000000000000000000000000000000029052008
011    00000038729052008001080000000000000000000000000000000000000000000800000000000000000000000000000000000000000029052008
011    00000038729052008002080000000000000000000000000000000000000000000800000000000000000000000000000000000000000029052008
011    00000038729052008003080000000000000000000000000000000000000000000800000000000000000000000000000000000000000029052008
011    00000038829052008001080000000000000000000000000000000000000000000800000000000000000000000000000000000000000029052008
011    00000038829052008002080000000000000000000000000000000000000000000800000000000000000000000000000000000000000029052008
011    00000038829052008003080000000000000000000000000000000000000000000800000000000000000000000000000000000000000029052008
011    00000038829052008004080000000000000000000000000000000000000000000800000000000000000000000000000000000000000029052008
011    00000038929052008001080000000000000000000000000000000000000000000800000000000000000000000000000000000000000029052008
011    00000038929052008002080000000000000000000000000000000000000000000800000000000000000000000000000000000000000029052008
011    00000038929052008003080000000000000000000000000000000000000000000800000000000000000000000000000000000000000029052008
011    00000038929052008004080000000000000000000000000000000000000000000800000000000000000000000000000000000000000029052008
011    00000038929052008005080000000000000000000000000000000000000000000800000000000000000000000000000000000000000029052008
011    00000038929052008006080000000000000000000000000000000000000000000800000000000000000000000000000000000000000029052008
011    00000038929052008007080000000000000000000000000000000000000000000800000000000000000000000000000000000000000029052008
011    00000038929052008008080000000000000000000000000000000000000000000800000000000000000000000000000000000000000029052008
011    00000038929052008009080000000000000000000000000000000000000000000800000000000000000000000000000000000000000029052008
011    00000038929052008010080000000000000000000000000000000000000000000800000000000000000000000000000000000000000029052008
011    00000038929052008011080000000000000000000000000000000000000000000800000000000000000000000000000000000000000029052008
011    00000039029052008001080000000000000000000000000000000000000000000800000000000000000000000000000000000000000029052008
011    00000039129052008001080000000000000000000000000000000000000000000800000000000000000000000000000000000000000029052008
011    00000039129052008002080000000000000000000000000000000000000000000800000000000000000000000000000000000000000029052008
011    00000039129052008003080000000000000000000000000000000000000000000800000000000000000000000000000000000000000029052008
011    00000039229052008001080000000000000000000000000000000000000000000800000000000000000000000000000000000000000029052008
011    00000039229052008002080000000000000000000000000000000000000000000800000000000000000000000000000000000000000029052008
011    00000039229052008003080000000000000000000000000000000000000000000800000000000000000000000000000000000000000029052008
011    00000039330052008001080000000000000000000000000000000000000000000800000000000000000000000000000000000000000030052008
011    00000039330052008002080000000000000000000000000000000000000000000800000000000000000000000000000000000000000030052008
011    00000039330052008003080000000000000000000000000000000000000000000800000000000000000000000000000000000000000030052008
011    00000039402062008001080000000000000000000000000000000000000000000800000000000000000000000000000000000000000002062008
011    00000039503062008001080000000000000000000000000000000000000000000800000000000000000000000000000000000000000003062008
011    00000039603062008001080000000000000000000000000000000000000000000800000000000000000000000000000000000000000003062008
011    00000039709062008001080000000000000000000000000000000000000000000800000000000000000000000000000000000000000009062008
011    00000039811062008001080000000000000000000000000000000000000000000800000000000000000000000000000000000000000011062008
011    00000039911062008001080000000000000000000000000000000000000000000800000000000000000000000000000000000000000011062008
011    00000039911062008002080000000000000000000000000000000000000000000800000000000000000000000000000000000000000011062008
011    00000040018062008001080000000000000000000000000000000000000000000800000000000000000000000000000000000000000018062008
011    00000040118062008001080000000000000000000000000000000000000000000800000000000000000000000000000000000000000018062008
011    00000040118062008002080000000000000000000000000000000000000000000800000000000000000000000000000000000000000018062008
011    00000040118062008003080000000000000000000000000000000000000000000800000000000000000000000000000000000000000018062008
011    00000040118062008004080000000000000000000000000000000000000000000800000000000000000000000000000000000000000018062008
011    00000040118062008005080000000000000000000000000000000000000000000800000000000000000000000000000000000000000018062008
011    00000040118062008006080000000000000000000000000000000000000000000800000000000000000000000000000000000000000018062008
011    00000040219062008001080000000000000000000000000000000000000000000800000000000000000000000000000000000000000019062008
011    00000040219062008002080000000000000000000000000000000000000000000800000000000000000000000000000000000000000019062008
011    00000040319062008001080000000000000000000000000000000000000000000800000000000000000000000000000000000000000019062008
011    00000040423062008001080000000000000000000000000000000000000000000800000000000000000000000000000000000000000023062008
011    00000040523062008001080000000000000000000000000000000000000000000800000000000000000000000000000000000000000023062008
011    00000040624062008001080000000000000000000000000000000000000000000800000000000000000000000000000000000000000024062008
011    00000040724062008001080000000000000000000000000000000000000000000800000000000000000000000000000000000000000024062008
011    00000040825062008001080000000000000000000000000000000000000000000800000000000000000000000000000000000000000025062008
011    00000040825062008002080000000000000000000000000000000000000000000800000000000000000000000000000000000000000025062008
011    00000040825062008003080000000000000000000000000000000000000000000800000000000000000000000000000000000000000025062008
011    00000040926062008001080000000000000000000000000000000000000000000800000000000000000000000000000000000000000026062008
011    00000041026062008001080000000000000000000000000000000000000000000800000000000000000000000000000000000000000026062008
011    00000041026062008002080000000000000000000000000000000000000000000800000000000000000000000000000000000000000026062008
011    00000041026062008003080000000000000000000000000000000000000000000800000000000000000000000000000000000000000026062008
011    00000041130062008001080000000000000000000000000000000000000000000800000000000000000000000000000000000000000030062008
011    00000041130062008002080000000000000000000000000000000000000000000800000000000000000000000000000000000000000030062008
011    00000041230062008001080000000000000000000000000000000000000000000800000000000000000000000000000000000000000030062008
011    00000041330062008001080000000000000000000000000000000000000000000800000000000000000000000000000000000000000030062008
011    00000041430062008001080000000000000000000000000000000000000000000800000000000000000000000000000000000000000030062008
011    00000041430062008002080000000000000000000000000000000000000000000800000000000000000000000000000000000000000030062008
011    00000041604072008001080000000000000000000000000000000000000000000800000000000000000000000000000000000000000004072008
011    00000041710072008001080000000000000000000000000000000000000000000800000000000000000000000000000000000000000010072008
011    00000041811072008001080000000000000000000000000000000000000000000800000000000000000000000000000000000000000011072008
011    00000041811072008002080000000000000000000000000000000000000000000800000000000000000000000000000000000000000011072008
011    00000041811072008003080000000000000000000000000000000000000000000800000000000000000000000000000000000000000011072008
011    00000041811072008004080000000000000000000000000000000000000000000800000000000000000000000000000000000000000011072008
011    00000041811072008005080000000000000000000000000000000000000000000800000000000000000000000000000000000000000011072008
011    00000041811072008006080000000000000000000000000000000000000000000800000000000000000000000000000000000000000011072008
011    00000041811072008007080000000000000000000000000000000000000000000800000000000000000000000000000000000000000011072008
011    00000041811072008008080000000000000000000000000000000000000000000800000000000000000000000000000000000000000011072008
011    00000041811072008009080000000000000000000000000000000000000000000800000000000000000000000000000000000000000011072008
011    00000041911072008001080000000000000000000000000000000000000000000800000000000000000000000000000000000000000011072008
011    00000042021072008001080000000000000000000000000000000000000000000800000000000000000000000000000000000000000021072008
011    00000042122072008001080000000000000000000000000000000000000000000800000000000000000000000000000000000000000022072008
011    00000042222072008001080000000000000000000000000000000000000000000800000000000000000000000000000000000000000022072008
011    00000042323072008001080000000000000000000000000000000000000000000800000000000000000000000000000000000000000023072008
011    00000042424072008001080000000000000000000000000000000000000000000800000000000000000000000000000000000000000024072008
011    00000042424072008002080000000000000000000000000000000000000000000800000000000000000000000000000000000000000024072008
011    00000042506082008001080000000000000000000000000000000000000000000800000000000000000000000000000000000000000006082008
011    00000042606082008001080000000000000000000000000000000000000000000800000000000000000000000000000000000000000006082008
011    00000042606082008002080000000000000000000000000000000000000000000800000000000000000000000000000000000000000006082008
011    00000042606082008003080000000000000000000000000000000000000000000800000000000000000000000000000000000000000006082008
011    00000042606082008004080000000000000000000000000000000000000000000800000000000000000000000000000000000000000006082008
011    00000042706082008001080000000000000000000000000000000000000000000800000000000000000000000000000000000000000006082008
011    00000042806082008001080000000000000000000000000000000000000000000800000000000000000000000000000000000000000006082008
011    00000042906082008001080000000000000000000000000000000000000000000800000000000000000000000000000000000000000006082008
011    00000043006082008001080000000000000000000000000000000000000000000800000000000000000000000000000000000000000006082008
011    00000043006082008002080000000000000000000000000000000000000000000800000000000000000000000000000000000000000006082008
011    00000043106082008001080000000000000000000000000000000000000000000800000000000000000000000000000000000000000006082008
011    00000043206082008001080000000000000000000000000000000000000000000800000000000000000000000000000000000000000006082008
011    00000043306082008001080000000000000000000000000000000000000000000800000000000000000000000000000000000000000006082008
011    00000043406082008001080000000000000000000000000000000000000000000800000000000000000000000000000000000000000006082008
011    00000043506082008001080000000000000000000000000000000000000000000800000000000000000000000000000000000000000006082008
011    00000043506082008002080000000000000000000000000000000000000000000800000000000000000000000000000000000000000006082008
011    00000043506082008003080000000000000000000000000000000000000000000800000000000000000000000000000000000000000006082008
011    00000043506082008004080000000000000000000000000000000000000000000800000000000000000000000000000000000000000006082008
011    00000043506082008005080000000000000000000000000000000000000000000800000000000000000000000000000000000000000006082008
011    00000043606082008001080000000000000000000000000000000000000000000800000000000000000000000000000000000000000006082008
011    00000043606082008002080000000000000000000000000000000000000000000800000000000000000000000000000000000000000006082008
011    00000043606082008003080000000000000000000000000000000000000000000800000000000000000000000000000000000000000006082008
011    00000043606082008004080000000000000000000000000000000000000000000800000000000000000000000000000000000000000006082008
011    00000043606082008005080000000000000000000000000000000000000000000800000000000000000000000000000000000000000006082008
011    00000043606082008006080000000000000000000000000000000000000000000800000000000000000000000000000000000000000006082008
011    00000043606082008007080000000000000000000000000000000000000000000800000000000000000000000000000000000000000006082008
011    00000043606082008008080000000000000000000000000000000000000000000800000000000000000000000000000000000000000006082008
011    00000043606082008009080000000000000000000000000000000000000000000800000000000000000000000000000000000000000006082008
011    00000043606082008010080000000000000000000000000000000000000000000800000000000000000000000000000000000000000006082008
011    00000043606082008011080000000000000000000000000000000000000000000800000000000000000000000000000000000000000006082008
011    00000043606082008012080000000000000000000000000000000000000000000800000000000000000000000000000000000000000006082008
011    00000043606082008013080000000000000000000000000000000000000000000800000000000000000000000000000000000000000006082008
011    00000043706082008001080000000000000000000000000000000000000000000800000000000000000000000000000000000000000006082008
011    00000043706082008002080000000000000000000000000000000000000000000800000000000000000000000000000000000000000006082008
011    00000043706082008003080000000000000000000000000000000000000000000800000000000000000000000000000000000000000006082008
011    00000043706082008004080000000000000000000000000000000000000000000800000000000000000000000000000000000000000006082008
011    00000043706082008005080000000000000000000000000000000000000000000800000000000000000000000000000000000000000006082008
011    00000043706082008006080000000000000000000000000000000000000000000800000000000000000000000000000000000000000006082008
011    00000043706082008007080000000000000000000000000000000000000000000800000000000000000000000000000000000000000006082008
011    00000043706082008008080000000000000000000000000000000000000000000800000000000000000000000000000000000000000006082008
011    00000043706082008009080000000000000000000000000000000000000000000800000000000000000000000000000000000000000006082008
011    00000043706082008010080000000000000000000000000000000000000000000800000000000000000000000000000000000000000006082008
011    00000043706082008011080000000000000000000000000000000000000000000800000000000000000000000000000000000000000006082008
011    00000043706082008012080000000000000000000000000000000000000000000800000000000000000000000000000000000000000006082008
011    00000043706082008013080000000000000000000000000000000000000000000800000000000000000000000000000000000000000006082008
011    00000043706082008014080000000000000000000000000000000000000000000800000000000000000000000000000000000000000006082008
011    00000043706082008015080000000000000000000000000000000000000000000800000000000000000000000000000000000000000006082008
011    00000043706082008016080000000000000000000000000000000000000000000800000000000000000000000000000000000000000006082008
011    00000043706082008017080000000000000000000000000000000000000000000800000000000000000000000000000000000000000006082008
011    00000043706082008018080000000000000000000000000000000000000000000800000000000000000000000000000000000000000006082008
011    00000043706082008019080000000000000000000000000000000000000000000800000000000000000000000000000000000000000006082008
011    00000043808082008001080000000000000000000000000000000000000000000800000000000000000000000000000000000000000008082008
011    00000044008082008001080000000000000000000000000000000000000000000800000000000000000000000000000000000000000008082008
011    00000044108082008001080000000000000000000000000000000000000000000800000000000000000000000000000000000000000008082008
011    00000044108082008002080000000000000000000000000000000000000000000800000000000000000000000000000000000000000008082008
011    00000044108082008003080000000000000000000000000000000000000000000800000000000000000000000000000000000000000008082008
011    00000044108082008004080000000000000000000000000000000000000000000800000000000000000000000000000000000000000008082008
011    00000044108082008005080000000000000000000000000000000000000000000800000000000000000000000000000000000000000008082008
011    00000044108082008006080000000000000000000000000000000000000000000800000000000000000000000000000000000000000008082008
011    00000044108082008007080000000000000000000000000000000000000000000800000000000000000000000000000000000000000008082008
011    00000044108082008008080000000000000000000000000000000000000000000800000000000000000000000000000000000000000008082008
011    00000044108082008009080000000000000000000000000000000000000000000800000000000000000000000000000000000000000008082008
011    00000044108082008010080000000000000000000000000000000000000000000800000000000000000000000000000000000000000008082008
011    00000044108082008011080000000000000000000000000000000000000000000800000000000000000000000000000000000000000008082008
011    00000044108082008012080000000000000000000000000000000000000000000800000000000000000000000000000000000000000008082008
011    00000044108082008013080000000000000000000000000000000000000000000800000000000000000000000000000000000000000008082008
011    00000044108082008014080000000000000000000000000000000000000000000800000000000000000000000000000000000000000008082008
011    00000044108082008015080000000000000000000000000000000000000000000800000000000000000000000000000000000000000008082008
011    00000044108082008016080000000000000000000000000000000000000000000800000000000000000000000000000000000000000008082008
011    00000044108082008017080000000000000000000000000000000000000000000800000000000000000000000000000000000000000008082008
011    00000044208082008001080000000000000000000000000000000000000000000800000000000000000000000000000000000000000008082008
011    00000044208082008002080000000000000000000000000000000000000000000800000000000000000000000000000000000000000008082008
011    00000044208082008003080000000000000000000000000000000000000000000800000000000000000000000000000000000000000008082008
011    00000044208082008004080000000000000000000000000000000000000000000800000000000000000000000000000000000000000008082008
011    00000044208082008005080000000000000000000000000000000000000000000800000000000000000000000000000000000000000008082008
011    00000044208082008006080000000000000000000000000000000000000000000800000000000000000000000000000000000000000008082008
011    00000044208082008007080000000000000000000000000000000000000000000800000000000000000000000000000000000000000008082008
011    00000044208082008008080000000000000000000000000000000000000000000800000000000000000000000000000000000000000008082008
011    00000044208082008009080000000000000000000000000000000000000000000800000000000000000000000000000000000000000008082008
011    00000044208082008010080000000000000000000000000000000000000000000800000000000000000000000000000000000000000008082008
011    00000044208082008011080000000000000000000000000000000000000000000800000000000000000000000000000000000000000008082008
011    00000044208082008012080000000000000000000000000000000000000000000800000000000000000000000000000000000000000008082008
011    00000044208082008013080000000000000000000000000000000000000000000800000000000000000000000000000000000000000008082008
011    00000044208082008014080000000000000000000000000000000000000000000800000000000000000000000000000000000000000008082008
011    00000044208082008015080000000000000000000000000000000000000000000800000000000000000000000000000000000000000008082008
011    00000044208082008016080000000000000000000000000000000000000000000800000000000000000000000000000000000000000008082008
011    00000044208082008017080000000000000000000000000000000000000000000800000000000000000000000000000000000000000008082008
011    00000044208082008018080000000000000000000000000000000000000000000800000000000000000000000000000000000000000008082008
011    00000044208082008019080000000000000000000000000000000000000000000800000000000000000000000000000000000000000008082008
011    00000044208082008020080000000000000000000000000000000000000000000800000000000000000000000000000000000000000008082008
011    00000044208082008021080000000000000000000000000000000000000000000800000000000000000000000000000000000000000008082008
011    00000044208082008022080000000000000000000000000000000000000000000800000000000000000000000000000000000000000008082008
011    00000044208082008023080000000000000000000000000000000000000000000800000000000000000000000000000000000000000008082008
011    00000044208082008024080000000000000000000000000000000000000000000800000000000000000000000000000000000000000008082008
011    00000044208082008025080000000000000000000000000000000000000000000800000000000000000000000000000000000000000008082008
011    00000044208082008026080000000000000000000000000000000000000000000800000000000000000000000000000000000000000008082008
011    00000044208082008027080000000000000000000000000000000000000000000800000000000000000000000000000000000000000008082008
011    00000044208082008028080000000000000000000000000000000000000000000800000000000000000000000000000000000000000008082008
011    00000044419082008001080000000000000000000000000000000000000000000800000000000000000000000000000000000000000019082008
011    00000044419082008002080000000000000000000000000000000000000000000800000000000000000000000000000000000000000019082008
011    00000044419082008003080000000000000000000000000000000000000000000800000000000000000000000000000000000000000019082008
011    00000044419082008004080000000000000000000000000000000000000000000800000000000000000000000000000000000000000019082008
011    00000044622082008001080000000000000000000000000000000000000000000800000000000000000000000000000000000000000022082008
011    00000044825082008001080000000000000000000000000000000000000000000800000000000000000000000000000000000000000025082008
011    00000044925082008001080000000000000000000000000000000000000000000800000000000000000000000000000000000000000025082008
011    00000045027082008001080000000000000000000000000000000000000000000800000000000000000000000000000000000000000027082008
011    00000045129082008001080000000000000000000000000000000000000000000800000000000000000000000000000000000000000029082008
011    00000045229082008001080000000000000000000000000000000000000000000800000000000000000000000000000000000000000029082008
011    00000045229082008002080000000000000000000000000000000000000000000800000000000000000000000000000000000000000029082008
011    00000045329082008001080000000000000000000000000000000000000000000800000000000000000000000000000000000000000029082008
011    00000045329082008002080000000000000000000000000000000000000000000800000000000000000000000000000000000000000029082008
011    00000045329082008003080000000000000000000000000000000000000000000800000000000000000000000000000000000000000029082008
011    00000045329082008004080000000000000000000000000000000000000000000800000000000000000000000000000000000000000029082008
011    00000045329082008005080000000000000000000000000000000000000000000800000000000000000000000000000000000000000029082008
011    00000045429082008001080000000000000000000000000000000000000000000800000000000000000000000000000000000000000029082008
011    00000045603092008001080000000000000000000000000000000000000000000800000000000000000000000000000000000000000003092008
011    00000045704092008001080000000000000000000000000000000000000000000800000000000000000000000000000000000000000004092008
011    00000045704092008002080000000000000000000000000000000000000000000800000000000000000000000000000000000000000004092008
011    00000045704092008003080000000000000000000000000000000000000000000800000000000000000000000000000000000000000004092008
011    00000045704092008004080000000000000000000000000000000000000000000800000000000000000000000000000000000000000004092008
011    00000045704092008005080000000000000000000000000000000000000000000800000000000000000000000000000000000000000004092008
011    00000045704092008006080000000000000000000000000000000000000000000800000000000000000000000000000000000000000004092008
011    00000045704092008007080000000000000000000000000000000000000000000800000000000000000000000000000000000000000004092008
011    00000045704092008008080000000000000000000000000000000000000000000800000000000000000000000000000000000000000004092008
011    00000045704092008009080000000000000000000000000000000000000000000800000000000000000000000000000000000000000004092008
011    00000045704092008010080000000000000000000000000000000000000000000800000000000000000000000000000000000000000004092008
011    00000045704092008011080000000000000000000000000000000000000000000800000000000000000000000000000000000000000004092008
011    00000045704092008012080000000000000000000000000000000000000000000800000000000000000000000000000000000000000004092008
011    00000045704092008013080000000000000000000000000000000000000000000800000000000000000000000000000000000000000004092008
011    00000045704092008014080000000000000000000000000000000000000000000800000000000000000000000000000000000000000004092008
011    00000045704092008015080000000000000000000000000000000000000000000800000000000000000000000000000000000000000004092008
011    00000045704092008016080000000000000000000000000000000000000000000800000000000000000000000000000000000000000004092008
011    00000045704092008017080000000000000000000000000000000000000000000800000000000000000000000000000000000000000004092008
011    00000045704092008018080000000000000000000000000000000000000000000800000000000000000000000000000000000000000004092008
011    00000045704092008019080000000000000000000000000000000000000000000800000000000000000000000000000000000000000004092008
011    00000045704092008020080000000000000000000000000000000000000000000800000000000000000000000000000000000000000004092008
011    00000045704092008021080000000000000000000000000000000000000000000800000000000000000000000000000000000000000004092008
011    00000045704092008022080000000000000000000000000000000000000000000800000000000000000000000000000000000000000004092008
011    00000045704092008023080000000000000000000000000000000000000000000800000000000000000000000000000000000000000004092008
011    00000045910092008001080000000000000000000000000000000000000000000800000000000000000000000000000000000000000010092008
011    00000045910092008002080000000000000000000000000000000000000000000800000000000000000000000000000000000000000010092008
011    00000045910092008003080000000000000000000000000000000000000000000800000000000000000000000000000000000000000010092008
011    00000046010092008001080000000000000000000000000000000000000000000800000000000000000000000000000000000000000010092008
011    00000046010092008002080000000000000000000000000000000000000000000800000000000000000000000000000000000000000010092008
011    00000046110092008001080000000000000000000000000000000000000000000800000000000000000000000000000000000000000010092008
011    00000046210092008001080000000000000000000000000000000000000000000800000000000000000000000000000000000000000010092008
011    00000046210092008002080000000000000000000000000000000000000000000800000000000000000000000000000000000000000010092008
011    00000046310092008001080000000000000000000000000000000000000000000800000000000000000000000000000000000000000010092008
011    00000046310092008002080000000000000000000000000000000000000000000800000000000000000000000000000000000000000010092008
011    00000046310092008003080000000000000000000000000000000000000000000800000000000000000000000000000000000000000010092008
011    00000046410092008001080000000000000000000000000000000000000000000800000000000000000000000000000000000000000010092008
011    00000046510092008001080000000000000000000000000000000000000000000800000000000000000000000000000000000000000010092008
011    00000046510092008002080000000000000000000000000000000000000000000800000000000000000000000000000000000000000010092008
011    00000046510092008003080000000000000000000000000000000000000000000800000000000000000000000000000000000000000010092008
011    00000046610092008001080000000000000000000000000000000000000000000800000000000000000000000000000000000000000010092008
011    00000046610092008002080000000000000000000000000000000000000000000800000000000000000000000000000000000000000010092008
011    00000046610092008003080000000000000000000000000000000000000000000800000000000000000000000000000000000000000010092008
011    00000046710092008001080000000000000000000000000000000000000000000800000000000000000000000000000000000000000010092008
011    00000046710092008002080000000000000000000000000000000000000000000800000000000000000000000000000000000000000010092008
011    00000046710092008003080000000000000000000000000000000000000000000800000000000000000000000000000000000000000010092008
011    00000046810092008001080000000000000000000000000000000000000000000800000000000000000000000000000000000000000010092008
011    00000046810092008002080000000000000000000000000000000000000000000800000000000000000000000000000000000000000010092008
011    00000046910092008001080000000000000000000000000000000000000000000800000000000000000000000000000000000000000010092008
011    00000047010092008001080000000000000000000000000000000000000000000800000000000000000000000000000000000000000010092008
011    00000047010092008002080000000000000000000000000000000000000000000800000000000000000000000000000000000000000010092008
011    00000047010092008003080000000000000000000000000000000000000000000800000000000000000000000000000000000000000010092008
011    00000047110092008001080000000000000000000000000000000000000000000800000000000000000000000000000000000000000010092008
011    00000047110092008002080000000000000000000000000000000000000000000800000000000000000000000000000000000000000010092008
011    00000047110092008003080000000000000000000000000000000000000000000800000000000000000000000000000000000000000010092008
011    00000047210092008001080000000000000000000000000000000000000000000800000000000000000000000000000000000000000010092008
011    00000047210092008002080000000000000000000000000000000000000000000800000000000000000000000000000000000000000010092008
011    00000047310092008001080000000000000000000000000000000000000000000800000000000000000000000000000000000000000010092008
011    00000047410092008001080000000000000000000000000000000000000000000800000000000000000000000000000000000000000010092008
011    00000047511092008001080000000000000000000000000000000000000000000800000000000000000000000000000000000000000011092008
011    00000047617092008001080000000000000000000000000000000000000000000800000000000000000000000000000000000000000017092008
011    00000047617092008002080000000000000000000000000000000000000000000800000000000000000000000000000000000000000017092008
011    00000047617092008003080000000000000000000000000000000000000000000800000000000000000000000000000000000000000017092008
011    00000047719092008001080000000000000000000000000000000000000000000800000000000000000000000000000000000000000019092008
011    00000047819092008001080000000000000000000000000000000000000000000800000000000000000000000000000000000000000019092008
011    00000047924092008001080000000000000000000000000000000000000000000800000000000000000000000000000000000000000024092008
011    00000048001102008001080000000000000000000000000000000000000000000800000000000000000000000000000000000000000001102008
011    00000048001102008002080000000000000000000000000000000000000000000800000000000000000000000000000000000000000001102008
011    00000048001102008003080000000000000000000000000000000000000000000800000000000000000000000000000000000000000001102008
011    00000048001102008004080000000000000000000000000000000000000000000800000000000000000000000000000000000000000001102008
011    00000048209102008001080000000000000000000000000000000000000000000800000000000000000000000000000000000000000009102008
011    00000048314102008001080000000000000000000000000000000000000000000800000000000000000000000000000000000000000014102008
011    00000048414102008001080000000000000000000000000000000000000000000800000000000000000000000000000000000000000014102008
011    00000048517102008001080000000000000000000000000000000000000000000800000000000000000000000000000000000000000017102008
011    00000048617102008001080000000000000000000000000000000000000000000800000000000000000000000000000000000000000017102008
011    00000048723102008001080000000000000000000000000000000000000000000800000000000000000000000000000000000000000023102008
011    00000048823102008001080000000000000000000000000000000000000000000800000000000000000000000000000000000000000023102008
011    00000048928102008001080000000000000000000000000000000000000000000800000000000000000000000000000000000000000028102008
011    00000049028102008001080000000000000000000000000000000000000000000800000000000000000000000000000000000000000028102008
011    00000049130102008001080000000000000000000000000000000000000000000800000000000000000000000000000000000000000030102008
011    00000049230102008001080000000000000000000000000000000000000000000800000000000000000000000000000000000000000030102008
011    00000049331102008001080000000000000000000000000000000000000000000800000000000000000000000000000000000000000031102008
011    00000049331102008002080000000000000000000000000000000000000000000800000000000000000000000000000000000000000031102008
011    00000049331102008003080000000000000000000000000000000000000000000800000000000000000000000000000000000000000031102008
011    00000049331102008004080000000000000000000000000000000000000000000800000000000000000000000000000000000000000031102008
011    00000049331102008005080000000000000000000000000000000000000000000800000000000000000000000000000000000000000031102008
011    00000049331102008006080000000000000000000000000000000000000000000800000000000000000000000000000000000000000031102008
011    00000049331102008007080000000000000000000000000000000000000000000800000000000000000000000000000000000000000031102008
011    00000049331102008008080000000000000000000000000000000000000000000800000000000000000000000000000000000000000031102008
011    00000049331102008009080000000000000000000000000000000000000000000800000000000000000000000000000000000000000031102008
011    00000049331102008010080000000000000000000000000000000000000000000800000000000000000000000000000000000000000031102008
011    00000049331102008011080000000000000000000000000000000000000000000800000000000000000000000000000000000000000031102008
011    00000049331102008012080000000000000000000000000000000000000000000800000000000000000000000000000000000000000031102008
011    00000049331102008013080000000000000000000000000000000000000000000800000000000000000000000000000000000000000031102008
011    00000049331102008014080000000000000000000000000000000000000000000800000000000000000000000000000000000000000031102008
011    00000049331102008015080000000000000000000000000000000000000000000800000000000000000000000000000000000000000031102008
011    00000049331102008016080000000000000000000000000000000000000000000800000000000000000000000000000000000000000031102008
011    00000049331102008017080000000000000000000000000000000000000000000800000000000000000000000000000000000000000031102008
011    00000049504112008001080000000000000000000000000000000000000000000800000000000000000000000000000000000000000004112008
011    00000049504112008002080000000000000000000000000000000000000000000800000000000000000000000000000000000000000004112008
011    00000049605112008001080000000000000000000000000000000000000000000800000000000000000000000000000000000000000005112008
011    00000049705112008001080000000000000000000000000000000000000000000800000000000000000000000000000000000000000005112008
011    00000049805112008001080000000000000000000000000000000000000000000800000000000000000000000000000000000000000005112008
011    00000049907112008001080000000000000000000000000000000000000000000800000000000000000000000000000000000000000007112008
011    00000050007112008001080000000000000000000000000000000000000000000800000000000000000000000000000000000000000007112008
011    00000050107112008001080000000000000000000000000000000000000000000800000000000000000000000000000000000000000007112008
011    00000050107112008002080000000000000000000000000000000000000000000800000000000000000000000000000000000000000007112008
011    00000050107112008003080000000000000000000000000000000000000000000800000000000000000000000000000000000000000007112008
011    00000050307112008001080000000000000000000000000000000000000000000800000000000000000000000000000000000000000007112008
011    00000050410112008001080000000000000000000000000000000000000000000800000000000000000000000000000000000000000010112008
011    00000050410112008002080000000000000000000000000000000000000000000800000000000000000000000000000000000000000010112008
011    00000050410112008003080000000000000000000000000000000000000000000800000000000000000000000000000000000000000010112008
011    00000050410112008004080000000000000000000000000000000000000000000800000000000000000000000000000000000000000010112008
011    00000050410112008005080000000000000000000000000000000000000000000800000000000000000000000000000000000000000010112008
011    00000050410112008006080000000000000000000000000000000000000000000800000000000000000000000000000000000000000010112008
011    00000050410112008007080000000000000000000000000000000000000000000800000000000000000000000000000000000000000010112008
011    00000050410112008008080000000000000000000000000000000000000000000800000000000000000000000000000000000000000010112008
011    00000050511112008001080000000000000000000000000000000000000000000800000000000000000000000000000000000000000011112008
011    00000050611112008001080000000000000000000000000000000000000000000800000000000000000000000000000000000000000011112008
011    00000050711112008001080000000000000000000000000000000000000000000800000000000000000000000000000000000000000011112008
011    00000050711112008002080000000000000000000000000000000000000000000800000000000000000000000000000000000000000011112008
011    00000050711112008003080000000000000000000000000000000000000000000800000000000000000000000000000000000000000011112008
011    00000050711112008004080000000000000000000000000000000000000000000800000000000000000000000000000000000000000011112008
011    00000050711112008005080000000000000000000000000000000000000000000800000000000000000000000000000000000000000011112008
011    00000050711112008006080000000000000000000000000000000000000000000800000000000000000000000000000000000000000011112008
011    00000050711112008007080000000000000000000000000000000000000000000800000000000000000000000000000000000000000011112008
011    00000050711112008008080000000000000000000000000000000000000000000800000000000000000000000000000000000000000011112008
011    00000050711112008009080000000000000000000000000000000000000000000800000000000000000000000000000000000000000011112008
011    00000050711112008010080000000000000000000000000000000000000000000800000000000000000000000000000000000000000011112008
011    00000050711112008011080000000000000000000000000000000000000000000800000000000000000000000000000000000000000011112008
011    00000050711112008012080000000000000000000000000000000000000000000800000000000000000000000000000000000000000011112008
011    00000050711112008013080000000000000000000000000000000000000000000800000000000000000000000000000000000000000011112008
011    00000050711112008014080000000000000000000000000000000000000000000800000000000000000000000000000000000000000011112008
011    00000050711112008015080000000000000000000000000000000000000000000800000000000000000000000000000000000000000011112008
011    00000050711112008016080000000000000000000000000000000000000000000800000000000000000000000000000000000000000011112008
011    00000050711112008017080000000000000000000000000000000000000000000800000000000000000000000000000000000000000011112008
011    00000050711112008018080000000000000000000000000000000000000000000800000000000000000000000000000000000000000011112008
011    00000050711112008019080000000000000000000000000000000000000000000800000000000000000000000000000000000000000011112008
011    00000050711112008020080000000000000000000000000000000000000000000800000000000000000000000000000000000000000011112008
011    00000050711112008021080000000000000000000000000000000000000000000800000000000000000000000000000000000000000011112008
011    00000050711112008022080000000000000000000000000000000000000000000800000000000000000000000000000000000000000011112008
011    00000050711112008023080000000000000000000000000000000000000000000800000000000000000000000000000000000000000011112008
011    00000050711112008024080000000000000000000000000000000000000000000800000000000000000000000000000000000000000011112008
011    00000050813112008001080000000000000000000000000000000000000000000800000000000000000000000000000000000000000013112008
011    00000050913112008001080000000000000000000000000000000000000000000800000000000000000000000000000000000000000013112008
011    00000051013112008001080000000000000000000000000000000000000000000800000000000000000000000000000000000000000013112008
011    00000051118112008001080000000000000000000000000000000000000000000800000000000000000000000000000000000000000018112008
011    00000051118112008002080000000000000000000000000000000000000000000800000000000000000000000000000000000000000018112008
011    00000051118112008003080000000000000000000000000000000000000000000800000000000000000000000000000000000000000018112008
011    00000051118112008004080000000000000000000000000000000000000000000800000000000000000000000000000000000000000018112008
011    00000051118112008005080000000000000000000000000000000000000000000800000000000000000000000000000000000000000018112008
011    00000051218112008001080000000000000000000000000000000000000000000800000000000000000000000000000000000000000018112008
011    00000051218112008002080000000000000000000000000000000000000000000800000000000000000000000000000000000000000018112008
011    00000051218112008003080000000000000000000000000000000000000000000800000000000000000000000000000000000000000018112008
011    00000051218112008004080000000000000000000000000000000000000000000800000000000000000000000000000000000000000018112008
011    00000051218112008005080000000000000000000000000000000000000000000800000000000000000000000000000000000000000018112008
011    00000051218112008006080000000000000000000000000000000000000000000800000000000000000000000000000000000000000018112008
011    00000051218112008007080000000000000000000000000000000000000000000800000000000000000000000000000000000000000018112008
011    00000051218112008008080000000000000000000000000000000000000000000800000000000000000000000000000000000000000018112008
011    00000051319112008001080000000000000000000000000000000000000000000800000000000000000000000000000000000000000019112008
011    00000051421112008001080000000000000000000000000000000000000000000800000000000000000000000000000000000000000021112008
011    00000051525112008001080000000000000000000000000000000000000000000800000000000000000000000000000000000000000025112008
011    00000051626112008001080000000000000000000000000000000000000000000800000000000000000000000000000000000000000026112008
011    00000051801122008001080000000000000000000000000000000000000000000800000000000000000000000000000000000000000001122008
011    00000051801122008002080000000000000000000000000000000000000000000800000000000000000000000000000000000000000001122008
011    00000051801122008003080000000000000000000000000000000000000000000800000000000000000000000000000000000000000001122008
011    00000051902122008001080000000000000000000000000000000000000000000800000000000000000000000000000000000000000002122008
011    00000052002122008001080000000000000000000000000000000000000000000800000000000000000000000000000000000000000002122008
011    00000052105122008001080000000000000000000000000000000000000000000800000000000000000000000000000000000000000005122008
011    00000052105122008002080000000000000000000000000000000000000000000800000000000000000000000000000000000000000005122008
011    00000052208122008001080000000000000000000000000000000000000000000800000000000000000000000000000000000000000008122008
011    00000052308122008001080000000000000000000000000000000000000000000800000000000000000000000000000000000000000008122008
011    00000052409122008001080000000000000000000000000000000000000000000800000000000000000000000000000000000000000009122008
011    00000052510122008001080000000000000000000000000000000000000000000800000000000000000000000000000000000000000010122008
011    00000052612122008001080000000000000000000000000000000000000000000800000000000000000000000000000000000000000012122008
011    00000052712122008001080000000000000000000000000000000000000000000800000000000000000000000000000000000000000012122008
011    00000052816122008001080000000000000000000000000000000000000000000800000000000000000000000000000000000000000016122008
011    00000052816122008002080000000000000000000000000000000000000000000800000000000000000000000000000000000000000016122008
011    00000052918122008001080000000000000000000000000000000000000000000800000000000000000000000000000000000000000018122008
011    00000053018122008001080000000000000000000000000000000000000000000800000000000000000000000000000000000000000018122008
011    00000053018122008002080000000000000000000000000000000000000000000800000000000000000000000000000000000000000018122008
011    00000053119122008001080000000000000000000000000000000000000000000800000000000000000000000000000000000000000019122008
011    00000053230122008001080000000000000000000000000000000000000000000800000000000000000000000000000000000000000030122008
